998951960001
998951960002
998951960003
998951960004
998951960005
998951960006
998951960007
998951960008
998951960009
998951960010
998951960011
998951960012
998951960013
998951960014
998951960015
998951960016
998951960017
998951960018
998951960019
998951960020
998951960021
998951960022
998951960023
998951960024
998951960025
998951960026
998951960027
998951960028
998951960029
998951960030
998951960031
998951960032
998951960033
998951960034
998951960035
998951960036
998951960037
998951960038
998951960039
998951960040
998951960041
998951960042
998951960043
998951960044
998951960045
998951960046
998951960047
998951960048
998951960049
998951960050
998951960051
998951960052
998951960053
998951960054
998951960055
998951960056
998951960057
998951960058
998951960059
998951960060
998951960061
998951960062
998951960063
998951960064
998951960065
998951960066
998951960067
998951960068
998951960069
998951960070
998951960071
998951960072
998951960073
998951960074
998951960075
998951960076
998951960077
998951960078
998951960079
998951960080
998951960081
998951960082
998951960083
998951960084
998951960085
998951960086
998951960087
998951960088
998951960089
998951960090
998951960091
998951960092
998951960093
998951960094
998951960095
998951960096
998951960097
998951960098
998951960099
998951960100
998951960101
998951960102
998951960103
998951960104
998951960105
998951960106
998951960107
998951960108
998951960109
998951960110
998951960111
998951960112
998951960113
998951960114
998951960115
998951960116
998951960117
998951960118
998951960119
998951960120
998951960121
998951960122
998951960123
998951960124
998951960125
998951960126
998951960127
998951960128
998951960129
998951960130
998951960131
998951960132
998951960133
998951960134
998951960135
998951960136
998951960137
998951960138
998951960139
998951960140
998951960141
998951960142
998951960143
998951960144
998951960145
998951960146
998951960147
998951960148
998951960149
998951960150
998951960151
998951960152
998951960153
998951960154
998951960155
998951960156
998951960157
998951960158
998951960159
998951960160
998951960161
998951960162
998951960163
998951960164
998951960165
998951960166
998951960167
998951960168
998951960169
998951960170
998951960171
998951960172
998951960173
998951960174
998951960175
998951960176
998951960177
998951960178
998951960179
998951960180
998951960181
998951960182
998951960183
998951960184
998951960185
998951960186
998951960187
998951960188
998951960189
998951960190
998951960191
998951960192
998951960193
998951960194
998951960195
998951960196
998951960197
998951960198
998951960199
998951960200
998951960201
998951960202
998951960203
998951960204
998951960205
998951960206
998951960207
998951960208
998951960209
998951960210
998951960211
998951960212
998951960213
998951960214
998951960215
998951960216
998951960217
998951960218
998951960219
998951960220
998951960221
998951960222
998951960223
998951960224
998951960225
998951960226
998951960227
998951960228
998951960229
998951960230
998951960231
998951960232
998951960233
998951960234
998951960235
998951960236
998951960237
998951960238
998951960239
998951960240
998951960241
998951960242
998951960243
998951960244
998951960245
998951960246
998951960247
998951960248
998951960249
998951960250
998951960251
998951960252
998951960253
998951960254
998951960255
998951960256
998951960257
998951960258
998951960259
998951960260
998951960261
998951960262
998951960263
998951960264
998951960265
998951960266
998951960267
998951960268
998951960269
998951960270
998951960271
998951960272
998951960273
998951960274
998951960275
998951960276
998951960277
998951960278
998951960279
998951960280
998951960281
998951960282
998951960283
998951960284
998951960285
998951960286
998951960287
998951960288
998951960289
998951960290
998951960291
998951960292
998951960293
998951960294
998951960295
998951960296
998951960297
998951960298
998951960299
998951960300
998951960301
998951960302
998951960303
998951960304
998951960305
998951960306
998951960307
998951960308
998951960309
998951960310
998951960311
998951960312
998951960313
998951960314
998951960315
998951960316
998951960317
998951960318
998951960319
998951960320
998951960321
998951960322
998951960323
998951960324
998951960325
998951960326
998951960327
998951960328
998951960329
998951960330
998951960331
998951960332
998951960333
998951960334
998951960335
998951960336
998951960337
998951960338
998951960339
998951960340
998951960341
998951960342
998951960343
998951960344
998951960345
998951960346
998951960347
998951960348
998951960349
998951960350
998951960351
998951960352
998951960353
998951960354
998951960355
998951960356
998951960357
998951960358
998951960359
998951960360
998951960361
998951960362
998951960363
998951960364
998951960365
998951960366
998951960367
998951960368
998951960369
998951960370
998951960371
998951960372
998951960373
998951960374
998951960375
998951960376
998951960377
998951960378
998951960379
998951960380
998951960381
998951960382
998951960383
998951960384
998951960385
998951960386
998951960387
998951960388
998951960389
998951960390
998951960391
998951960392
998951960393
998951960394
998951960395
998951960396
998951960397
998951960398
998951960399
998951960400
998951960401
998951960402
998951960403
998951960404
998951960405
998951960406
998951960407
998951960408
998951960409
998951960410
998951960411
998951960412
998951960413
998951960414
998951960415
998951960416
998951960417
998951960418
998951960419
998951960420
998951960421
998951960422
998951960423
998951960424
998951960425
998951960426
998951960427
998951960428
998951960429
998951960430
998951960431
998951960432
998951960433
998951960434
998951960435
998951960436
998951960437
998951960438
998951960439
998951960440
998951960441
998951960442
998951960443
998951960444
998951960445
998951960446
998951960447
998951960448
998951960449
998951960450
998951960451
998951960452
998951960453
998951960454
998951960455
998951960456
998951960457
998951960458
998951960459
998951960460
998951960461
998951960462
998951960463
998951960464
998951960465
998951960466
998951960467
998951960468
998951960469
998951960470
998951960471
998951960472
998951960473
998951960474
998951960475
998951960476
998951960477
998951960478
998951960479
998951960480
998951960481
998951960482
998951960483
998951960484
998951960485
998951960486
998951960487
998951960488
998951960489
998951960490
998951960491
998951960492
998951960493
998951960494
998951960495
998951960496
998951960497
998951960498
998951960499
998951960500
998951960501
998951960502
998951960503
998951960504
998951960505
998951960506
998951960507
998951960508
998951960509
998951960510
998951960511
998951960512
998951960513
998951960514
998951960515
998951960516
998951960517
998951960518
998951960519
998951960520
998951960521
998951960522
998951960523
998951960524
998951960525
998951960526
998951960527
998951960528
998951960529
998951960530
998951960531
998951960532
998951960533
998951960534
998951960535
998951960536
998951960537
998951960538
998951960539
998951960540
998951960541
998951960542
998951960543
998951960544
998951960545
998951960546
998951960547
998951960548
998951960549
998951960550
998951960551
998951960552
998951960553
998951960554
998951960555
998951960556
998951960557
998951960558
998951960559
998951960560
998951960561
998951960562
998951960563
998951960564
998951960565
998951960566
998951960567
998951960568
998951960569
998951960570
998951960571
998951960572
998951960573
998951960574
998951960575
998951960576
998951960577
998951960578
998951960579
998951960580
998951960581
998951960582
998951960583
998951960584
998951960585
998951960586
998951960587
998951960588
998951960589
998951960590
998951960591
998951960592
998951960593
998951960594
998951960595
998951960596
998951960597
998951960598
998951960599
998951960600
998951960601
998951960602
998951960603
998951960604
998951960605
998951960606
998951960607
998951960608
998951960609
998951960610
998951960611
998951960612
998951960613
998951960614
998951960615
998951960616
998951960617
998951960618
998951960619
998951960620
998951960621
998951960622
998951960623
998951960624
998951960625
998951960626
998951960627
998951960628
998951960629
998951960630
998951960631
998951960632
998951960633
998951960634
998951960635
998951960636
998951960637
998951960638
998951960639
998951960640
998951960641
998951960642
998951960643
998951960644
998951960645
998951960646
998951960647
998951960648
998951960649
998951960650
998951960651
998951960652
998951960653
998951960654
998951960655
998951960656
998951960657
998951960658
998951960659
998951960660
998951960661
998951960662
998951960663
998951960664
998951960665
998951960666
998951960667
998951960668
998951960669
998951960670
998951960671
998951960672
998951960673
998951960674
998951960675
998951960676
998951960677
998951960678
998951960679
998951960680
998951960681
998951960682
998951960683
998951960684
998951960685
998951960686
998951960687
998951960688
998951960689
998951960690
998951960691
998951960692
998951960693
998951960694
998951960695
998951960696
998951960697
998951960698
998951960699
998951960700
998951960701
998951960702
998951960703
998951960704
998951960705
998951960706
998951960707
998951960708
998951960709
998951960710
998951960711
998951960712
998951960713
998951960714
998951960715
998951960716
998951960717
998951960718
998951960719
998951960720
998951960721
998951960722
998951960723
998951960724
998951960725
998951960726
998951960727
998951960728
998951960729
998951960730
998951960731
998951960732
998951960733
998951960734
998951960735
998951960736
998951960737
998951960738
998951960739
998951960740
998951960741
998951960742
998951960743
998951960744
998951960745
998951960746
998951960747
998951960748
998951960749
998951960750
998951960751
998951960752
998951960753
998951960754
998951960755
998951960756
998951960757
998951960758
998951960759
998951960760
998951960761
998951960762
998951960763
998951960764
998951960765
998951960766
998951960767
998951960768
998951960769
998951960770
998951960771
998951960772
998951960773
998951960774
998951960775
998951960776
998951960777
998951960778
998951960779
998951960780
998951960781
998951960782
998951960783
998951960784
998951960785
998951960786
998951960787
998951960788
998951960789
998951960790
998951960791
998951960792
998951960793
998951960794
998951960795
998951960796
998951960797
998951960798
998951960799
998951960800
998951960801
998951960802
998951960803
998951960804
998951960805
998951960806
998951960807
998951960808
998951960809
998951960810
998951960811
998951960812
998951960813
998951960814
998951960815
998951960816
998951960817
998951960818
998951960819
998951960820
998951960821
998951960822
998951960823
998951960824
998951960825
998951960826
998951960827
998951960828
998951960829
998951960830
998951960831
998951960832
998951960833
998951960834
998951960835
998951960836
998951960837
998951960838
998951960839
998951960840
998951960841
998951960842
998951960843
998951960844
998951960845
998951960846
998951960847
998951960848
998951960849
998951960850
998951960851
998951960852
998951960853
998951960854
998951960855
998951960856
998951960857
998951960858
998951960859
998951960860
998951960861
998951960862
998951960863
998951960864
998951960865
998951960866
998951960867
998951960868
998951960869
998951960870
998951960871
998951960872
998951960873
998951960874
998951960875
998951960876
998951960877
998951960878
998951960879
998951960880
998951960881
998951960882
998951960883
998951960884
998951960885
998951960886
998951960887
998951960888
998951960889
998951960890
998951960891
998951960892
998951960893
998951960894
998951960895
998951960896
998951960897
998951960898
998951960899
998951960900
998951960901
998951960902
998951960903
998951960904
998951960905
998951960906
998951960907
998951960908
998951960909
998951960910
998951960911
998951960912
998951960913
998951960914
998951960915
998951960916
998951960917
998951960918
998951960919
998951960920
998951960921
998951960922
998951960923
998951960924
998951960925
998951960926
998951960927
998951960928
998951960929
998951960930
998951960931
998951960932
998951960933
998951960934
998951960935
998951960936
998951960937
998951960938
998951960939
998951960940
998951960941
998951960942
998951960943
998951960944
998951960945
998951960946
998951960947
998951960948
998951960949
998951960950
998951960951
998951960952
998951960953
998951960954
998951960955
998951960956
998951960957
998951960958
998951960959
998951960960
998951960961
998951960962
998951960963
998951960964
998951960965
998951960966
998951960967
998951960968
998951960969
998951960970
998951960971
998951960972
998951960973
998951960974
998951960975
998951960976
998951960977
998951960978
998951960979
998951960980
998951960981
998951960982
998951960983
998951960984
998951960985
998951960986
998951960987
998951960988
998951960989
998951960990
998951960991
998951960992
998951960993
998951960994
998951960995
998951960996
998951960997
998951960998
998951960999
998951961000
998951961001
998951961002
998951961003
998951961004
998951961005
998951961006
998951961007
998951961008
998951961009
998951961010
998951961011
998951961012
998951961013
998951961014
998951961015
998951961016
998951961017
998951961018
998951961019
998951961020
998951961021
998951961022
998951961023
998951961024
998951961025
998951961026
998951961027
998951961028
998951961029
998951961030
998951961031
998951961032
998951961033
998951961034
998951961035
998951961036
998951961037
998951961038
998951961039
998951961040
998951961041
998951961042
998951961043
998951961044
998951961045
998951961046
998951961047
998951961048
998951961049
998951961050
998951961051
998951961052
998951961053
998951961054
998951961055
998951961056
998951961057
998951961058
998951961059
998951961060
998951961061
998951961062
998951961063
998951961064
998951961065
998951961066
998951961067
998951961068
998951961069
998951961070
998951961071
998951961072
998951961073
998951961074
998951961075
998951961076
998951961077
998951961078
998951961079
998951961080
998951961081
998951961082
998951961083
998951961084
998951961085
998951961086
998951961087
998951961088
998951961089
998951961090
998951961091
998951961092
998951961093
998951961094
998951961095
998951961096
998951961097
998951961098
998951961099
998951961100
998951961101
998951961102
998951961103
998951961104
998951961105
998951961106
998951961107
998951961108
998951961109
998951961110
998951961111
998951961112
998951961113
998951961114
998951961115
998951961116
998951961117
998951961118
998951961119
998951961120
998951961121
998951961122
998951961123
998951961124
998951961125
998951961126
998951961127
998951961128
998951961129
998951961130
998951961131
998951961132
998951961133
998951961134
998951961135
998951961136
998951961137
998951961138
998951961139
998951961140
998951961141
998951961142
998951961143
998951961144
998951961145
998951961146
998951961147
998951961148
998951961149
998951961150
998951961151
998951961152
998951961153
998951961154
998951961155
998951961156
998951961157
998951961158
998951961159
998951961160
998951961161
998951961162
998951961163
998951961164
998951961165
998951961166
998951961167
998951961168
998951961169
998951961170
998951961171
998951961172
998951961173
998951961174
998951961175
998951961176
998951961177
998951961178
998951961179
998951961180
998951961181
998951961182
998951961183
998951961184
998951961185
998951961186
998951961187
998951961188
998951961189
998951961190
998951961191
998951961192
998951961193
998951961194
998951961195
998951961196
998951961197
998951961198
998951961199
998951961200
998951961201
998951961202
998951961203
998951961204
998951961205
998951961206
998951961207
998951961208
998951961209
998951961210
998951961211
998951961212
998951961213
998951961214
998951961215
998951961216
998951961217
998951961218
998951961219
998951961220
998951961221
998951961222
998951961223
998951961224
998951961225
998951961226
998951961227
998951961228
998951961229
998951961230
998951961231
998951961232
998951961233
998951961234
998951961235
998951961236
998951961237
998951961238
998951961239
998951961240
998951961241
998951961242
998951961243
998951961244
998951961245
998951961246
998951961247
998951961248
998951961249
998951961250
998951961251
998951961252
998951961253
998951961254
998951961255
998951961256
998951961257
998951961258
998951961259
998951961260
998951961261
998951961262
998951961263
998951961264
998951961265
998951961266
998951961267
998951961268
998951961269
998951961270
998951961271
998951961272
998951961273
998951961274
998951961275
998951961276
998951961277
998951961278
998951961279
998951961280
998951961281
998951961282
998951961283
998951961284
998951961285
998951961286
998951961287
998951961288
998951961289
998951961290
998951961291
998951961292
998951961293
998951961294
998951961295
998951961296
998951961297
998951961298
998951961299
998951961300
998951961301
998951961302
998951961303
998951961304
998951961305
998951961306
998951961307
998951961308
998951961309
998951961310
998951961311
998951961312
998951961313
998951961314
998951961315
998951961316
998951961317
998951961318
998951961319
998951961320
998951961321
998951961322
998951961323
998951961324
998951961325
998951961326
998951961327
998951961328
998951961329
998951961330
998951961331
998951961332
998951961333
998951961334
998951961335
998951961336
998951961337
998951961338
998951961339
998951961340
998951961341
998951961342
998951961343
998951961344
998951961345
998951961346
998951961347
998951961348
998951961349
998951961350
998951961351
998951961352
998951961353
998951961354
998951961355
998951961356
998951961357
998951961358
998951961359
998951961360
998951961361
998951961362
998951961363
998951961364
998951961365
998951961366
998951961367
998951961368
998951961369
998951961370
998951961371
998951961372
998951961373
998951961374
998951961375
998951961376
998951961377
998951961378
998951961379
998951961380
998951961381
998951961382
998951961383
998951961384
998951961385
998951961386
998951961387
998951961388
998951961389
998951961390
998951961391
998951961392
998951961393
998951961394
998951961395
998951961396
998951961397
998951961398
998951961399
998951961400
998951961401
998951961402
998951961403
998951961404
998951961405
998951961406
998951961407
998951961408
998951961409
998951961410
998951961411
998951961412
998951961413
998951961414
998951961415
998951961416
998951961417
998951961418
998951961419
998951961420
998951961421
998951961422
998951961423
998951961424
998951961425
998951961426
998951961427
998951961428
998951961429
998951961430
998951961431
998951961432
998951961433
998951961434
998951961435
998951961436
998951961437
998951961438
998951961439
998951961440
998951961441
998951961442
998951961443
998951961444
998951961445
998951961446
998951961447
998951961448
998951961449
998951961450
998951961451
998951961452
998951961453
998951961454
998951961455
998951961456
998951961457
998951961458
998951961459
998951961460
998951961461
998951961462
998951961463
998951961464
998951961465
998951961466
998951961467
998951961468
998951961469
998951961470
998951961471
998951961472
998951961473
998951961474
998951961475
998951961476
998951961477
998951961478
998951961479
998951961480
998951961481
998951961482
998951961483
998951961484
998951961485
998951961486
998951961487
998951961488
998951961489
998951961490
998951961491
998951961492
998951961493
998951961494
998951961495
998951961496
998951961497
998951961498
998951961499
998951961500
998951961501
998951961502
998951961503
998951961504
998951961505
998951961506
998951961507
998951961508
998951961509
998951961510
998951961511
998951961512
998951961513
998951961514
998951961515
998951961516
998951961517
998951961518
998951961519
998951961520
998951961521
998951961522
998951961523
998951961524
998951961525
998951961526
998951961527
998951961528
998951961529
998951961530
998951961531
998951961532
998951961533
998951961534
998951961535
998951961536
998951961537
998951961538
998951961539
998951961540
998951961541
998951961542
998951961543
998951961544
998951961545
998951961546
998951961547
998951961548
998951961549
998951961550
998951961551
998951961552
998951961553
998951961554
998951961555
998951961556
998951961557
998951961558
998951961559
998951961560
998951961561
998951961562
998951961563
998951961564
998951961565
998951961566
998951961567
998951961568
998951961569
998951961570
998951961571
998951961572
998951961573
998951961574
998951961575
998951961576
998951961577
998951961578
998951961579
998951961580
998951961581
998951961582
998951961583
998951961584
998951961585
998951961586
998951961587
998951961588
998951961589
998951961590
998951961591
998951961592
998951961593
998951961594
998951961595
998951961596
998951961597
998951961598
998951961599
998951961600
998951961601
998951961602
998951961603
998951961604
998951961605
998951961606
998951961607
998951961608
998951961609
998951961610
998951961611
998951961612
998951961613
998951961614
998951961615
998951961616
998951961617
998951961618
998951961619
998951961620
998951961621
998951961622
998951961623
998951961624
998951961625
998951961626
998951961627
998951961628
998951961629
998951961630
998951961631
998951961632
998951961633
998951961634
998951961635
998951961636
998951961637
998951961638
998951961639
998951961640
998951961641
998951961642
998951961643
998951961644
998951961645
998951961646
998951961647
998951961648
998951961649
998951961650
998951961651
998951961652
998951961653
998951961654
998951961655
998951961656
998951961657
998951961658
998951961659
998951961660
998951961661
998951961662
998951961663
998951961664
998951961665
998951961666
998951961667
998951961668
998951961669
998951961670
998951961671
998951961672
998951961673
998951961674
998951961675
998951961676
998951961677
998951961678
998951961679
998951961680
998951961681
998951961682
998951961683
998951961684
998951961685
998951961686
998951961687
998951961688
998951961689
998951961690
998951961691
998951961692
998951961693
998951961694
998951961695
998951961696
998951961697
998951961698
998951961699
998951961700
998951961701
998951961702
998951961703
998951961704
998951961705
998951961706
998951961707
998951961708
998951961709
998951961710
998951961711
998951961712
998951961713
998951961714
998951961715
998951961716
998951961717
998951961718
998951961719
998951961720
998951961721
998951961722
998951961723
998951961724
998951961725
998951961726
998951961727
998951961728
998951961729
998951961730
998951961731
998951961732
998951961733
998951961734
998951961735
998951961736
998951961737
998951961738
998951961739
998951961740
998951961741
998951961742
998951961743
998951961744
998951961745
998951961746
998951961747
998951961748
998951961749
998951961750
998951961751
998951961752
998951961753
998951961754
998951961755
998951961756
998951961757
998951961758
998951961759
998951961760
998951961761
998951961762
998951961763
998951961764
998951961765
998951961766
998951961767
998951961768
998951961769
998951961770
998951961771
998951961772
998951961773
998951961774
998951961775
998951961776
998951961777
998951961778
998951961779
998951961780
998951961781
998951961782
998951961783
998951961784
998951961785
998951961786
998951961787
998951961788
998951961789
998951961790
998951961791
998951961792
998951961793
998951961794
998951961795
998951961796
998951961797
998951961798
998951961799
998951961800
998951961801
998951961802
998951961803
998951961804
998951961805
998951961806
998951961807
998951961808
998951961809
998951961810
998951961811
998951961812
998951961813
998951961814
998951961815
998951961816
998951961817
998951961818
998951961819
998951961820
998951961821
998951961822
998951961823
998951961824
998951961825
998951961826
998951961827
998951961828
998951961829
998951961830
998951961831
998951961832
998951961833
998951961834
998951961835
998951961836
998951961837
998951961838
998951961839
998951961840
998951961841
998951961842
998951961843
998951961844
998951961845
998951961846
998951961847
998951961848
998951961849
998951961850
998951961851
998951961852
998951961853
998951961854
998951961855
998951961856
998951961857
998951961858
998951961859
998951961860
998951961861
998951961862
998951961863
998951961864
998951961865
998951961866
998951961867
998951961868
998951961869
998951961870
998951961871
998951961872
998951961873
998951961874
998951961875
998951961876
998951961877
998951961878
998951961879
998951961880
998951961881
998951961882
998951961883
998951961884
998951961885
998951961886
998951961887
998951961888
998951961889
998951961890
998951961891
998951961892
998951961893
998951961894
998951961895
998951961896
998951961897
998951961898
998951961899
998951961900
998951961901
998951961902
998951961903
998951961904
998951961905
998951961906
998951961907
998951961908
998951961909
998951961910
998951961911
998951961912
998951961913
998951961914
998951961915
998951961916
998951961917
998951961918
998951961919
998951961920
998951961921
998951961922
998951961923
998951961924
998951961925
998951961926
998951961927
998951961928
998951961929
998951961930
998951961931
998951961932
998951961933
998951961934
998951961935
998951961936
998951961937
998951961938
998951961939
998951961940
998951961941
998951961942
998951961943
998951961944
998951961945
998951961946
998951961947
998951961948
998951961949
998951961950
998951961951
998951961952
998951961953
998951961954
998951961955
998951961956
998951961957
998951961958
998951961959
998951961960
998951961961
998951961962
998951961963
998951961964
998951961965
998951961966
998951961967
998951961968
998951961969
998951961970
998951961971
998951961972
998951961973
998951961974
998951961975
998951961976
998951961977
998951961978
998951961979
998951961980
998951961981
998951961982
998951961983
998951961984
998951961985
998951961986
998951961987
998951961988
998951961989
998951961990
998951961991
998951961992
998951961993
998951961994
998951961995
998951961996
998951961997
998951961998
998951961999
998951962000
998951965001
998951965002
998951965003
998951965004
998951965005
998951965006
998951965007
998951965008
998951965009
998951965010
998951965011
998951965012
998951965013
998951965014
998951965015
998951965016
998951965017
998951965018
998951965019
998951965020
998951965021
998951965022
998951965023
998951965024
998951965025
998951965026
998951965027
998951965028
998951965029
998951965030
998951965031
998951965032
998951965033
998951965034
998951965035
998951965036
998951965037
998951965038
998951965039
998951965040
998951965041
998951965042
998951965043
998951965044
998951965045
998951965046
998951965047
998951965048
998951965049
998951965050
998951965051
998951965052
998951965053
998951965054
998951965055
998951965056
998951965057
998951965058
998951965059
998951965060
998951965061
998951965062
998951965063
998951965064
998951965065
998951965066
998951965067
998951965068
998951965069
998951965070
998951965071
998951965072
998951965073
998951965074
998951965075
998951965076
998951965077
998951965078
998951965079
998951965080
998951965081
998951965082
998951965083
998951965084
998951965085
998951965086
998951965087
998951965088
998951965089
998951965090
998951965091
998951965092
998951965093
998951965094
998951965095
998951965096
998951965097
998951965098
998951965099
998951965100
998951965101
998951965102
998951965103
998951965104
998951965105
998951965106
998951965107
998951965108
998951965109
998951965110
998951965111
998951965112
998951965113
998951965114
998951965115
998951965116
998951965117
998951965118
998951965119
998951965120
998951965121
998951965122
998951965123
998951965124
998951965125
998951965126
998951965127
998951965128
998951965129
998951965130
998951965131
998951965132
998951965133
998951965134
998951965135
998951965136
998951965137
998951965138
998951965139
998951965140
998951965141
998951965142
998951965143
998951965144
998951965145
998951965146
998951965147
998951965148
998951965149
998951965150
998951965151
998951965152
998951965153
998951965154
998951965155
998951965156
998951965157
998951965158
998951965159
998951965160
998951965161
998951965162
998951965163
998951965164
998951965165
998951965166
998951965167
998951965168
998951965169
998951965170
998951965171
998951965172
998951965173
998951965174
998951965175
998951965176
998951965177
998951965178
998951965179
998951965180
998951965181
998951965182
998951965183
998951965184
998951965185
998951965186
998951965187
998951965188
998951965189
998951965190
998951965191
998951965192
998951965193
998951965194
998951965195
998951965196
998951965197
998951965198
998951965199
998951965200
998951965201
998951965202
998951965203
998951965204
998951965205
998951965206
998951965207
998951965208
998951965209
998951965210
998951965211
998951965212
998951965213
998951965214
998951965215
998951965216
998951965217
998951965218
998951965219
998951965220
998951965221
998951965222
998951965223
998951965224
998951965225
998951965226
998951965227
998951965228
998951965229
998951965230
998951965231
998951965232
998951965233
998951965234
998951965235
998951965236
998951965237
998951965238
998951965239
998951965240
998951965241
998951965242
998951965243
998951965244
998951965245
998951965246
998951965247
998951965248
998951965249
998951965250
998951965251
998951965252
998951965253
998951965254
998951965255
998951965256
998951965257
998951965258
998951965259
998951965260
998951965261
998951965262
998951965263
998951965264
998951965265
998951965266
998951965267
998951965268
998951965269
998951965270
998951965271
998951965272
998951965273
998951965274
998951965275
998951965276
998951965277
998951965278
998951965279
998951965280
998951965281
998951965282
998951965283
998951965284
998951965285
998951965286
998951965287
998951965288
998951965289
998951965290
998951965291
998951965292
998951965293
998951965294
998951965295
998951965296
998951965297
998951965298
998951965299
998951965300
998951965301
998951965302
998951965303
998951965304
998951965305
998951965306
998951965307
998951965308
998951965309
998951965310
998951965311
998951965312
998951965313
998951965314
998951965315
998951965316
998951965317
998951965318
998951965319
998951965320
998951965321
998951965322
998951965323
998951965324
998951965325
998951965326
998951965327
998951965328
998951965329
998951965330
998951965331
998951965332
998951965333
998951965334
998951965335
998951965336
998951965337
998951965338
998951965339
998951965340
998951965341
998951965342
998951965343
998951965344
998951965345
998951965346
998951965347
998951965348
998951965349
998951965350
998951965351
998951965352
998951965353
998951965354
998951965355
998951965356
998951965357
998951965358
998951965359
998951965360
998951965361
998951965362
998951965363
998951965364
998951965365
998951965366
998951965367
998951965368
998951965369
998951965370
998951965371
998951965372
998951965373
998951965374
998951965375
998951965376
998951965377
998951965378
998951965379
998951965380
998951965381
998951965382
998951965383
998951965384
998951965385
998951965386
998951965387
998951965388
998951965389
998951965390
998951965391
998951965392
998951965393
998951965394
998951965395
998951965396
998951965397
998951965398
998951965399
998951965400
998951965401
998951965402
998951965403
998951965404
998951965405
998951965406
998951965407
998951965408
998951965409
998951965410
998951965411
998951965412
998951965413
998951965414
998951965415
998951965416
998951965417
998951965418
998951965419
998951965420
998951965421
998951965422
998951965423
998951965424
998951965425
998951965426
998951965427
998951965428
998951965429
998951965430
998951965431
998951965432
998951965433
998951965434
998951965435
998951965436
998951965437
998951965438
998951965439
998951965440
998951965441
998951965442
998951965443
998951965444
998951965445
998951965446
998951965447
998951965448
998951965449
998951965450
998951965451
998951965452
998951965453
998951965454
998951965455
998951965456
998951965457
998951965458
998951965459
998951965460
998951965461
998951965462
998951965463
998951965464
998951965465
998951965466
998951965467
998951965468
998951965469
998951965470
998951965471
998951965472
998951965473
998951965474
998951965475
998951965476
998951965477
998951965478
998951965479
998951965480
998951965481
998951965482
998951965483
998951965484
998951965485
998951965486
998951965487
998951965488
998951965489
998951965490
998951965491
998951965492
998951965493
998951965494
998951965495
998951965496
998951965497
998951965498
998951965499
998951965500
998951965501
998951965502
998951965503
998951965504
998951965505
998951965506
998951965507
998951965508
998951965509
998951965510
998951965511
998951965512
998951965513
998951965514
998951965515
998951965516
998951965517
998951965518
998951965519
998951965520
998951965521
998951965522
998951965523
998951965524
998951965525
998951965526
998951965527
998951965528
998951965529
998951965530
998951965531
998951965532
998951965533
998951965534
998951965535
998951965536
998951965537
998951965538
998951965539
998951965540
998951965541
998951965542
998951965543
998951965544
998951965545
998951965546
998951965547
998951965548
998951965549
998951965550
998951965551
998951965552
998951965553
998951965554
998951965555
998951965556
998951965557
998951965558
998951965559
998951965560
998951965561
998951965562
998951965563
998951965564
998951965565
998951965566
998951965567
998951965568
998951965569
998951965570
998951965571
998951965572
998951965573
998951965574
998951965575
998951965576
998951965577
998951965578
998951965579
998951965580
998951965581
998951965582
998951965583
998951965584
998951965585
998951965586
998951965587
998951965588
998951965589
998951965590
998951965591
998951965592
998951965593
998951965594
998951965595
998951965596
998951965597
998951965598
998951965599
998951965600
998951965601
998951965602
998951965603
998951965604
998951965605
998951965606
998951965607
998951965608
998951965609
998951965610
998951965611
998951965612
998951965613
998951965614
998951965615
998951965616
998951965617
998951965618
998951965619
998951965620
998951965621
998951965622
998951965623
998951965624
998951965625
998951965626
998951965627
998951965628
998951965629
998951965630
998951965631
998951965632
998951965633
998951965634
998951965635
998951965636
998951965637
998951965638
998951965639
998951965640
998951965641
998951965642
998951965643
998951965644
998951965645
998951965646
998951965647
998951965648
998951965649
998951965650
998951965651
998951965652
998951965653
998951965654
998951965655
998951965656
998951965657
998951965658
998951965659
998951965660
998951965661
998951965662
998951965663
998951965664
998951965665
998951965666
998951965667
998951965668
998951965669
998951965670
998951965671
998951965672
998951965673
998951965674
998951965675
998951965676
998951965677
998951965678
998951965679
998951965680
998951965681
998951965682
998951965683
998951965684
998951965685
998951965686
998951965687
998951965688
998951965689
998951965690
998951965691
998951965692
998951965693
998951965694
998951965695
998951965696
998951965697
998951965698
998951965699
998951965700
998951965701
998951965702
998951965703
998951965704
998951965705
998951965706
998951965707
998951965708
998951965709
998951965710
998951965711
998951965712
998951965713
998951965714
998951965715
998951965716
998951965717
998951965718
998951965719
998951965720
998951965721
998951965722
998951965723
998951965724
998951965725
998951965726
998951965727
998951965728
998951965729
998951965730
998951965731
998951965732
998951965733
998951965734
998951965735
998951965736
998951965737
998951965738
998951965739
998951965740
998951965741
998951965742
998951965743
998951965744
998951965745
998951965746
998951965747
998951965748
998951965749
998951965750
998951965751
998951965752
998951965753
998951965754
998951965755
998951965756
998951965757
998951965758
998951965759
998951965760
998951965761
998951965762
998951965763
998951965764
998951965765
998951965766
998951965767
998951965768
998951965769
998951965770
998951965771
998951965772
998951965773
998951965774
998951965775
998951965776
998951965777
998951965778
998951965779
998951965780
998951965781
998951965782
998951965783
998951965784
998951965785
998951965786
998951965787
998951965788
998951965789
998951965790
998951965791
998951965792
998951965793
998951965794
998951965795
998951965796
998951965797
998951965798
998951965799
998951965800
998951965801
998951965802
998951965803
998951965804
998951965805
998951965806
998951965807
998951965808
998951965809
998951965810
998951965811
998951965812
998951965813
998951965814
998951965815
998951965816
998951965817
998951965818
998951965819
998951965820
998951965821
998951965822
998951965823
998951965824
998951965825
998951965826
998951965827
998951965828
998951965829
998951965830
998951965831
998951965832
998951965833
998951965834
998951965835
998951965836
998951965837
998951965838
998951965839
998951965840
998951965841
998951965842
998951965843
998951965844
998951965845
998951965846
998951965847
998951965848
998951965849
998951965850
998951965851
998951965852
998951965853
998951965854
998951965855
998951965856
998951965857
998951965858
998951965859
998951965860
998951965861
998951965862
998951965863
998951965864
998951965865
998951965866
998951965867
998951965868
998951965869
998951965870
998951965871
998951965872
998951965873
998951965874
998951965875
998951965876
998951965877
998951965878
998951965879
998951965880
998951965881
998951965882
998951965883
998951965884
998951965885
998951965886
998951965887
998951965888
998951965889
998951965890
998951965891
998951965892
998951965893
998951965894
998951965895
998951965896
998951965897
998951965898
998951965899
998951965900
998951965901
998951965902
998951965903
998951965904
998951965905
998951965906
998951965907
998951965908
998951965909
998951965910
998951965911
998951965912
998951965913
998951965914
998951965915
998951965916
998951965917
998951965918
998951965919
998951965920
998951965921
998951965922
998951965923
998951965924
998951965925
998951965926
998951965927
998951965928
998951965929
998951965930
998951965931
998951965932
998951965933
998951965934
998951965935
998951965936
998951965937
998951965938
998951965939
998951965940
998951965941
998951965942
998951965943
998951965944
998951965945
998951965946
998951965947
998951965948
998951965949
998951965950
998951965951
998951965952
998951965953
998951965954
998951965955
998951965956
998951965957
998951965958
998951965959
998951965960
998951965961
998951965962
998951965963
998951965964
998951965965
998951965966
998951965967
998951965968
998951965969
998951965970
998951965971
998951965972
998951965973
998951965974
998951965975
998951965976
998951965977
998951965978
998951965979
998951965980
998951965981
998951965982
998951965983
998951965984
998951965985
998951965986
998951965987
998951965988
998951965989
998951965990
998951965991
998951965992
998951965993
998951965994
998951965995
998951965996
998951965997
998951965998
998951965999
998951966000
