963945862003
963945862004
963945862005
963945862006
963945862007
963945862008
963945862009
963945862010
963945862011
963945862012
963945862013
963945862014
963945862015
963945862016
963945862017
963945862018
963945862019
963945862020
963945862021
963945862022
963945862023
963945862024
963945862025
963945862026
963945862027
963945862028
963945862029
963945862030
963945862031
963945862032
963945862033
963945862034
963945862035
963945862036
963945862037
963945862038
963945862039
963945862040
963945862041
963945862042
963945862043
963945862044
963945862045
963945862046
963945862047
963945862048
963945862049
963945862050
963945862051
963945862052
963945862053
963945862054
963945862055
963945862056
963945862057
963945862058
963945862059
963945862060
963945862061
963945862062
963945862063
963945862064
963945862065
963945862066
963945862067
963945862068
963945862069
963945862070
963945862071
963945862072
963945862073
963945862074
963945862075
963945862076
963945862077
963945862078
963945862079
963945862080
963945862081
963945862082
963945862083
963945862084
963945862085
963945862086
963945862087
963945862088
963945862089
963945862090
963945862091
963945862092
963945862093
963945862094
963945862095
963945862096
963945862097
963945862098
963945862099
963945862100
963945862101
963945862102
963945862103
963945862104
963945862105
963945862106
963945862107
963945862108
963945862109
963945862110
963945862111
963945862112
963945862113
963945862114
963945862115
963945862116
963945862117
963945862118
963945862119
963945862120
963945862121
963945862122
963945862123
963945862124
963945862125
963945862126
963945862127
963945862128
963945862129
963945862130
963945862131
963945862132
963945862133
963945862134
963945862135
963945862136
963945862137
963945862138
963945862139
963945862140
963945862141
963945862142
963945862143
963945862144
963945862145
963945862146
963945862147
963945862148
963945862149
963945862150
963945862151
963945862152
963945862153
963945862154
963945862155
963945862156
963945862157
963945862158
963945862159
963945862160
963945862161
963945862162
963945862163
963945862164
963945862165
963945862166
963945862167
963945862168
963945862169
963945862170
963945862171
963945862172
963945862173
963945862174
963945862175
963945862176
963945862177
963945862178
963945862179
963945862180
963945862181
963945862182
963945862183
963945862184
963945862185
963945862186
963945862187
963945862188
963945862189
963945862190
963945862191
963945862192
963945862193
963945862194
963945862195
963945862196
963945862197
963945862198
963945862199
963945862200
963945862201
963945862202
963945862203
963945862204
963945862205
963945862206
963945862207
963945862208
963945862209
963945862210
963945862211
963945862212
963945862213
963945862214
963945862215
963945862216
963945862217
963945862218
963945862219
963945862220
963945862221
963945862222
963945862223
963945862224
963945862225
963945862226
963945862227
963945862228
963945862229
963945862230
963945862231
963945862232
963945862233
963945862234
963945862235
963945862236
963945862237
963945862238
963945862239
963945862240
963945862241
963945862242
963945862243
963945862244
963945862245
963945862246
963945862247
963945862248
963945862249
963945862250
963945862251
963945862252
963945862253
963945862254
963945862255
963945862256
963945862257
963945862258
963945862259
963945862260
963945862261
963945862262
963945862263
963945862264
963945862265
963945862266
963945862267
963945862268
963945862269
963945862270
963945862271
963945862272
963945862273
963945862274
963945862275
963945862276
963945862277
963945862278
963945862279
963945862280
963945862281
963945862282
963945862283
963945862284
963945862285
963945862286
963945862287
963945862288
963945862289
963945862290
963945862291
963945862292
963945862293
963945862294
963945862295
963945862296
963945862297
963945862298
963945862299
963945862300
963945862301
963945862302
963945862303
963945862304
963945862305
963945862306
963945862307
963945862308
963945862309
963945862310
963945862311
963945862312
963945862313
963945862314
963945862315
963945862316
963945862317
963945862318
963945862319
963945862320
963945862321
963945862322
963945862323
963945862324
963945862325
963945862326
963945862327
963945862328
963945862329
963945862330
963945862331
963945862332
963945862333
963945862334
963945862335
963945862336
963945862337
963945862338
963945862339
963945862340
963945862341
963945862342
963945862343
963945862344
963945862345
963945862346
963945862347
963945862348
963945862349
963945862350
963945862351
963945862352
963945862353
963945862354
963945862355
963945862356
963945862357
963945862358
963945862359
963945862360
963945862361
963945862362
963945862363
963945862364
963945862365
963945862366
963945862367
963945862368
963945862369
963945862370
963945862371
963945862372
963945862373
963945862374
963945862375
963945862376
963945862377
963945862378
963945862379
963945862380
963945862381
963945862382
963945862383
963945862384
963945862385
963945862386
963945862387
963945862388
963945862389
963945862390
963945862391
963945862392
963945862393
963945862394
963945862395
963945862396
963945862397
963945862398
963945862399
963945862400
963945862401
963945862402
963945862403
963945862404
963945862405
963945862406
963945862407
963945862408
963945862409
963945862410
963945862411
963945862412
963945862413
963945862414
963945862415
963945862416
963945862417
963945862418
963945862419
963945862420
963945862421
963945862422
963945862423
963945862424
963945862425
963945862426
963945862427
963945862428
963945862429
963945862430
963945862431
963945862432
963945862433
963945862434
963945862435
963945862436
963945862437
963945862438
963945862439
963945862440
963945862441
963945862442
963945862443
963945862444
963945862445
963945862446
963945862447
963945862448
963945862449
963945862450
963945862451
963945862452
963945862453
963945862454
963945862455
963945862456
963945862457
963945862458
963945862459
963945862460
963945862461
963945862462
963945862463
963945862464
963945862465
963945862466
963945862467
963945862468
963945862469
963945862470
963945862471
963945862472
963945862473
963945862474
963945862475
963945862476
963945862477
963945862478
963945862479
963945862480
963945862481
963945862482
963945862483
963945862484
963945862485
963945862486
963945862487
963945862488
963945862489
963945862490
963945862491
963945862492
963945862493
963945862494
963945862495
963945862496
963945862497
963945862498
963945862499
963945862500
963945862501
963945862502
963945862503
963945862504
963945862505
963945862506
963945862507
963945862508
963945862509
963945862510
963945862511
963945862512
963945862513
963945862514
963945862515
963945862516
963945862517
963945862518
963945862519
963945862520
963945862521
963945862522
963945862523
963945862524
963945862525
963945862526
963945862527
963945862528
963945862529
963945862530
963945862531
963945862532
963945862533
963945862534
963945862535
963945862536
963945862537
963945862538
963945862539
963945862540
963945862541
963945862542
963945862543
963945862544
963945862545
963945862546
963945862547
963945862548
963945862549
963945862550
963945862551
963945862552
963945862553
963945862554
963945862555
963945862556
963945862557
963945862558
963945862559
963945862560
963945862561
963945862562
963945862563
963945862564
963945862565
963945862566
963945862567
963945862568
963945862569
963945862570
963945862571
963945862572
963945862573
963945862574
963945862575
963945862576
963945862577
963945862578
963945862579
963945862580
963945862581
963945862582
963945862583
963945862584
963945862585
963945862586
963945862587
963945862588
963945862589
963945862590
963945862591
963945862592
963945862593
963945862594
963945862595
963945862596
963945862597
963945862598
963945862599
963945862600
963945862601
963945862602
963945862603
963945862604
963945862605
963945862606
963945862607
963945862608
963945862609
963945862610
963945862611
963945862612
963945862613
963945862614
963945862615
963945862616
963945862617
963945862618
963945862619
963945862620
963945862621
963945862622
963945862623
963945862624
963945862625
963945862626
963945862627
963945862628
963945862629
963945862630
963945862631
963945862632
963945862633
963945862634
963945862635
963945862636
963945862637
963945862638
963945862639
963945862640
963945862641
963945862642
963945862643
963945862644
963945862645
963945862646
963945862647
963945862648
963945862649
963945862650
963945862651
963945862652
963945862653
963945862654
963945862655
963945862656
963945862657
963945862658
963945862659
963945862660
963945862661
963945862662
963945862663
963945862664
963945862665
963945862666
963945862667
963945862668
963945862669
963945862670
963945862671
963945862672
963945862673
963945862674
963945862675
963945862676
963945862677
963945862678
963945862679
963945862680
963945862681
963945862682
963945862683
963945862684
963945862685
963945862686
963945862687
963945862688
963945862689
963945862690
963945862691
963945862692
963945862693
963945862694
963945862695
963945862696
963945862697
963945862698
963945862699
963945862700
963945862701
963945862702
963945862703
963945862704
963945862705
963945862706
963945862707
963945862708
963945862709
963945862710
963945862711
963945862712
963945862713
963945862714
963945862715
963945862716
963945862717
963945862718
963945862719
963945862720
963945862721
963945862722
963945862723
963945862724
963945862725
963945862726
963945862727
963945862728
963945862729
963945862730
963945862731
963945862732
963945862733
963945862734
963945862735
963945862736
963945862737
963945862738
963945862739
963945862740
963945862741
963945862742
963945862743
963945862744
963945862745
963945862746
963945862747
963945862748
963945862749
963945862750
963945862751
963945862752
963945862753
963945862754
963945862755
963945862756
963945862757
963945862758
963945862759
963945862760
963945862761
963945862762
963945862763
963945862764
963945862765
963945862766
963945862767
963945862768
963945862769
963945862770
963945862771
963945862772
963945862773
963945862774
963945862775
963945862776
963945862777
963945862778
963945862779
963945862780
963945862781
963945862782
963945862783
963945862784
963945862785
963945862786
963945862787
963945862788
963945862789
963945862790
963945862791
963945862792
963945862793
963945862794
963945862795
963945862796
963945862797
963945862798
963945862799
963945862800
963945862801
963945862802
963945862803
963945862804
963945862805
963945862806
963945862807
963945862808
963945862809
963945862810
963945862811
963945862812
963945862813
963945862814
963945862815
963945862816
963945862817
963945862818
963945862819
963945862820
963945862821
963945862822
963945862823
963945862824
963945862825
963945862826
963945862827
963945862828
963945862829
963945862830
963945862831
963945862832
963945862833
963945862834
963945862835
963945862836
963945862837
963945862838
963945862839
963945862840
963945862841
963945862842
963945862843
963945862844
963945862845
963945862846
963945862847
963945862848
963945862849
963945862850
963945862851
963945862852
963945862853
963945862854
963945862855
963945862856
963945862857
963945862858
963945862859
963945862860
963945862861
963945862862
963945862863
963945862864
963945862865
963945862866
963945862867
963945862868
963945862869
963945862870
963945862871
963945862872
963945862873
963945862874
963945862875
963945862876
963945862877
963945862878
963945862879
963945862880
963945862881
963945862882
963945862883
963945862884
963945862885
963945862886
963945862887
963945862888
963945862889
963945862890
963945862891
963945862892
963945862893
963945862894
963945862895
963945862896
963945862897
963945862898
963945862899
963945862900
963945862901
963945862902
963945862903
963945862904
963945862905
963945862906
963945862907
963945862908
963945862909
963945862910
963945862911
963945862912
963945862913
963945862914
963945862915
963945862916
963945862917
963945862918
963945862919
963945862920
963945862921
963945862922
963945862923
963945862924
963945862925
963945862926
963945862927
963945862928
963945862929
963945862930
963945862931
963945862932
963945862933
963945862934
963945862935
963945862936
963945862937
963945862938
963945862939
963945862940
963945862941
963945862942
963945862943
963945862944
963945862945
963945862946
963945862947
963945862948
963945862949
963945862950
963945862951
963945862952
963945862953
963945862954
963945862955
963945862956
963945862957
963945862958
963945862959
963945862960
963945862961
963945862962
963945862963
963945862964
963945862965
963945862966
963945862967
963945862968
963945862969
963945862970
963945862971
963945862972
963945862973
963945862974
963945862975
963945862976
963945862977
963945862978
963945862979
963945862980
963945862981
963945862982
963945862983
963945862984
963945862985
963945862986
963945862987
963945862988
963945862989
963945862990
963945862991
963945862992
963945862993
963945862994
963945862995
963945862996
963945862997
963945862998
963945862999
963945863000
963945863001
963945863002
963945863003
963945863004
963945863005
963945863006
963945863007
963945863008
963945863009
963945863010
963945863011
963945863012
963945863013
963945863014
963945863015
963945863016
963945863017
963945863018
963945863019
963945863020
963945863021
963945863022
963945863023
963945863024
963945863025
963945863026
963945863027
963945863028
963945863029
963945863030
963945863031
963945863032
963945863033
963945863034
963945863035
963945863036
963945863037
963945863038
963945863039
963945863040
963945863041
963945863042
963945863043
963945863044
963945863045
963945863046
963945863047
963945863048
963945863049
963945863050
963945863051
963945863052
963945863053
963945863054
963945863055
963945863056
963945863057
963945863058
963945863059
963945863060
963945863061
963945863062
963945863063
963945863064
963945863065
963945863066
963945863067
963945863068
963945863069
963945863070
963945863071
963945863072
963945863073
963945863074
963945863075
963945863076
963945863077
963945863078
963945863079
963945863080
963945863081
963945863082
963945863083
963945863084
963945863085
963945863086
963945863087
963945863088
963945863089
963945863090
963945863091
963945863092
963945863093
963945863094
963945863095
963945863096
963945863097
963945863098
963945863099
963945863100
963945863101
963945863102
963945863103
963945863104
963945863105
963945863106
963945863107
963945863108
963945863109
963945863110
963945863111
963945863112
963945863113
963945863114
963945863115
963945863116
963945863117
963945863118
963945863119
963945863120
963945863121
963945863122
963945863123
963945863124
963945863125
963945863126
963945863127
963945863128
963945863129
963945863130
963945863131
963945863132
963945863133
963945863134
963945863135
963945863136
963945863137
963945863138
963945863139
963945863140
963945863141
963945863142
963945863143
963945863144
963945863145
963945863146
963945863147
963945863148
963945863149
963945863150
963945863151
963945863152
963945863153
963945863154
963945863155
963945863156
963945863157
963945863158
963945863159
963945863160
963945863161
963945863162
963945863163
963945863164
963945863165
963945863166
963945863167
963945863168
963945863169
963945863170
963945863171
963945863172
963945863173
963945863174
963945863175
963945863176
963945863177
963945863178
963945863179
963945863180
963945863181
963945863182
963945863183
963945863184
963945863185
963945863186
963945863187
963945863188
963945863189
963945863190
963945863191
963945863192
963945863193
963945863194
963945863195
963945863196
963945863197
963945863198
963945863199
963945863200
963945863201
963945863202
963945863203
963945863204
963945863205
963945863206
963945863207
963945863208
963945863209
963945863210
963945863211
963945863212
963945863213
963945863214
963945863215
963945863216
963945863217
963945863218
963945863219
963945863220
963945863221
963945863222
963945863223
963945863224
963945863225
963945863226
963945863227
963945863228
963945863229
963945863230
963945863231
963945863232
963945863233
963945863234
963945863235
963945863236
963945863237
963945863238
963945863239
963945863240
963945863241
963945863242
963945863243
963945863244
963945863245
963945863246
963945863247
963945863248
963945863249
963945863250
963945863251
963945863252
963945863253
963945863254
963945863255
963945863256
963945863257
963945863258
963945863259
963945863260
963945863261
963945863262
963945863263
963945863264
963945863265
963945863266
963945863267
963945863268
963945863269
963945863270
963945863271
963945863272
963945863273
963945863274
963945863275
963945863276
963945863277
963945863278
963945863279
963945863280
963945863281
963945863282
963945863283
963945863284
963945863285
963945863286
963945863287
963945863288
963945863289
963945863290
963945863291
963945863292
963945863293
963945863294
963945863295
963945863296
963945863297
963945863298
963945863299
963945863300
963945863301
963945863302
963945863303
963945863304
963945863305
963945863306
963945863307
963945863308
963945863309
963945863310
963945863311
963945863312
963945863313
963945863314
963945863315
963945863316
963945863317
963945863318
963945863319
963945863320
963945863321
963945863322
963945863323
963945863324
963945863325
963945863326
963945863327
963945863328
963945863329
963945863330
963945863331
963945863332
963945863333
963945863334
963945863335
963945863336
963945863337
963945863338
963945863339
963945863340
963945863341
963945863342
963945863343
963945863344
963945863345
963945863346
963945863347
963945863348
963945863349
963945863350
963945863351
963945863352
963945863353
963945863354
963945863355
963945863356
963945863357
963945863358
963945863359
963945863360
963945863361
963945863362
963945863363
963945863364
963945863365
963945863366
963945863367
963945863368
963945863369
963945863370
963945863371
963945863372
963945863373
963945863374
963945863375
963945863376
963945863377
963945863378
963945863379
963945863380
963945863381
963945863382
963945863383
963945863384
963945863385
963945863386
963945863387
963945863388
963945863389
963945863390
963945863391
963945863392
963945863393
963945863394
963945863395
963945863396
963945863397
963945863398
963945863399
963945863400
963945863401
963945863402
963945863403
963945863404
963945863405
963945863406
963945863407
963945863408
963945863409
963945863410
963945863411
963945863412
963945863413
963945863414
963945863415
963945863416
963945863417
963945863418
963945863419
963945863420
963945863421
963945863422
963945863423
963945863424
963945863425
963945863426
963945863427
963945863428
963945863429
963945863430
963945863431
963945863432
963945863433
963945863434
963945863435
963945863436
963945863437
963945863438
963945863439
963945863440
963945863441
963945863442
963945863443
963945863444
963945863445
963945863446
963945863447
963945863448
963945863449
963945863450
963945863451
963945863452
963945863453
963945863454
963945863455
963945863456
963945863457
963945863458
963945863459
963945863460
963945863461
963945863462
963945863463
963945863464
963945863465
963945863466
963945863467
963945863468
963945863469
963945863470
963945863471
963945863472
963945863473
963945863474
963945863475
963945863476
963945863477
963945863478
963945863479
963945863480
963945863481
963945863482
963945863483
963945863484
963945863485
963945863486
963945863487
963945863488
963945863489
963945863490
963945863491
963945863492
963945863493
963945863494
963945863495
963945863496
963945863497
963945863498
963945863499
963945863500
963945863501
963945863502
963945863503
963945863504
963945863505
963945863506
963945863507
963945863508
963945863509
963945863510
963945863511
963945863512
963945863513
963945863514
963945863515
963945863516
963945863517
963945863518
963945863519
963945863520
963945863521
963945863522
963945863523
963945863524
963945863525
963945863526
963945863527
963945863528
963945863529
963945863530
963945863531
963945863532
963945863533
963945863534
963945863535
963945863536
963945863537
963945863538
963945863539
963945863540
963945863541
963945863542
963945863543
963945863544
963945863545
963945863546
963945863547
963945863548
963945863549
963945863550
963945863551
963945863552
963945863553
963945863554
963945863555
963945863556
963945863557
963945863558
963945863559
963945863560
963945863561
963945863562
963945863563
963945863564
963945863565
963945863566
963945863567
963945863568
963945863569
963945863570
963945863571
963945863572
963945863573
963945863574
963945863575
963945863576
963945863577
963945863578
963945863579
963945863580
963945863581
963945863582
963945863583
963945863584
963945863585
963945863586
963945863587
963945863588
963945863589
963945863590
963945863591
963945863592
963945863593
963945863594
963945863595
963945863596
963945863597
963945863598
963945863599
963945863600
963945863601
963945863602
963945863603
963945863604
963945863605
963945863606
963945863607
963945863608
963945863609
963945863610
963945863611
963945863612
963945863613
963945863614
963945863615
963945863616
963945863617
963945863618
963945863619
963945863620
963945863621
963945863622
963945863623
963945863624
963945863625
963945863626
963945863627
963945863628
963945863629
963945863630
963945863631
963945863632
963945863633
963945863634
963945863635
963945863636
963945863637
963945863638
963945863639
963945863640
963945863641
963945863642
963945863643
963945863644
963945863645
963945863646
963945863647
963945863648
963945863649
963945863650
963945863651
963945863652
963945863653
963945863654
963945863655
963945863656
963945863657
963945863658
963945863659
963945863660
963945863661
963945863662
963945863663
963945863664
963945863665
963945863666
963945863667
963945863668
963945863669
963945863670
963945863671
963945863672
963945863673
963945863674
963945863675
963945863676
963945863677
963945863678
963945863679
963945863680
963945863681
963945863682
963945863683
963945863684
963945863685
963945863686
963945863687
963945863688
963945863689
963945863690
963945863691
963945863692
963945863693
963945863694
963945863695
963945863696
963945863697
963945863698
963945863699
963945863700
963945863701
963945863702
963945863703
963945863704
963945863705
963945863706
963945863707
963945863708
963945863709
963945863710
963945863711
963945863712
963945863713
963945863714
963945863715
963945863716
963945863717
963945863718
963945863719
963945863720
963945863721
963945863722
963945863723
963945863724
963945863725
963945863726
963945863727
963945863728
963945863729
963945863730
963945863731
963945863732
963945863733
963945863734
963945863735
963945863736
963945863737
963945863738
963945863739
963945863740
963945863741
963945863742
963945863743
963945863744
963945863745
963945863746
963945863747
963945863748
963945863749
963945863750
963945863751
963945863752
963945863753
963945863754
963945863755
963945863756
963945863757
963945863758
963945863759
963945863760
963945863761
963945863762
963945863763
963945863764
963945863765
963945863766
963945863767
963945863768
963945863769
963945863770
963945863771
963945863772
963945863773
963945863774
963945863775
963945863776
963945863777
963945863778
963945863779
963945863780
963945863781
963945863782
963945863783
963945863784
963945863785
963945863786
963945863787
963945863788
963945863789
963945863790
963945863791
963945863792
963945863793
963945863794
963945863795
963945863796
963945863797
963945863798
963945863799
963945863800
963945863801
963945863802
963945863803
963945863804
963945863805
963945863806
963945863807
963945863808
963945863809
963945863810
963945863811
963945863812
963945863813
963945863814
963945863815
963945863816
963945863817
963945863818
963945863819
963945863820
963945863821
963945863822
963945863823
963945863824
963945863825
963945863826
963945863827
963945863828
963945863829
963945863830
963945863831
963945863832
963945863833
963945863834
963945863835
963945863836
963945863837
963945863838
963945863839
963945863840
963945863841
963945863842
963945863843
963945863844
963945863845
963945863846
963945863847
963945863848
963945863849
963945863850
963945863851
963945863852
963945863853
963945863854
963945863855
963945863856
963945863857
963945863858
963945863859
963945863860
963945863861
963945863862
963945863863
963945863864
963945863865
963945863866
963945863867
963945863868
963945863869
963945863870
963945863871
963945863872
963945863873
963945863874
963945863875
963945863876
963945863877
963945863878
963945863879
963945863880
963945863881
963945863882
963945863883
963945863884
963945863885
963945863886
963945863887
963945863888
963945863889
963945863890
963945863891
963945863892
963945863893
963945863894
963945863895
963945863896
963945863897
963945863898
963945863899
963945863900
963945863901
963945863902
963945863903
963945863904
963945863905
963945863906
963945863907
963945863908
963945863909
963945863910
963945863911
963945863912
963945863913
963945863914
963945863915
963945863916
963945863917
963945863918
963945863919
963945863920
963945863921
963945863922
963945863923
963945863924
963945863925
963945863926
963945863927
963945863928
963945863929
963945863930
963945863931
963945863932
963945863933
963945863934
963945863935
963945863936
963945863937
963945863938
963945863939
963945863940
963945863941
963945863942
963945863943
963945863944
963945863945
963945863946
963945863947
963945863948
963945863949
963945863950
963945863951
963945863952
963945863953
963945863954
963945863955
963945863956
963945863957
963945863958
963945863959
963945863960
963945863961
963945863962
963945863963
963945863964
963945863965
963945863966
963945863967
963945863968
963945863969
963945863970
963945863971
963945863972
963945863973
963945863974
963945863975
963945863976
963945863977
963945863978
963945863979
963945863980
963945863981
963945863982
963945863983
963945863984
963945863985
963945863986
963945863987
963945863988
963945863989
963945863990
963945863991
963945863992
963945863993
963945863994
963945863995
963945863996
963945863997
963945863998
963945863999
963945864000
963945864001
963945864002
963945864003
963945864004
963945864005
963945864006
963945864007
963945864008
963945864009
963945864010
963945864011
963945864012
963945864013
963945864014
963945864015
963945864016
963945864017
963945864018
963945864019
963945864020
963945864021
963945864022
963945864023
963945864024
963945864025
963945864026
963945864027
963945864028
963945864029
963945864030
963945864031
963945864032
963945864033
963945864034
963945864035
963945864036
963945864037
963945864038
963945864039
963945864040
963945864041
963945864042
963945864043
963945864044
963945864045
963945864046
963945864047
963945864048
963945864049
963945864050
963945864051
963945864052
963945864053
963945864054
963945864055
963945864056
963945864057
963945864058
963945864059
963945864060
963945864061
963945864062
963945864063
963945864064
963945864065
963945864066
963945864067
963945864068
963945864069
963945864070
963945864071
963945864072
963945864073
963945864074
963945864075
963945864076
963945864077
963945864078
963945864079
963945864080
963945864081
963945864082
963945864083
963945864084
963945864085
963945864086
963945864087
963945864088
963945864089
963945864090
963945864091
963945864092
963945864093
963945864094
963945864095
963945864096
963945864097
963945864098
963945864099
963945864100
963945864101
963945864102
963945864103
963945864104
963945864105
963945864106
963945864107
963945864108
963945864109
963945864110
963945864111
963945864112
963945864113
963945864114
963945864115
963945864116
963945864117
963945864118
963945864119
963945864120
963945864121
963945864122
963945864123
963945864124
963945864125
963945864126
963945864127
963945864128
963945864129
963945864130
963945864131
963945864132
963945864133
963945864134
963945864135
963945864136
963945864137
963945864138
963945864139
963945864140
963945864141
963945864142
963945864143
963945864144
963945864145
963945864146
963945864147
963945864148
963945864149
963945864150
963945864151
963945864152
963945864153
963945864154
963945864155
963945864156
963945864157
963945864158
963945864159
963945864160
963945864161
963945864162
963945864163
963945864164
963945864165
963945864166
963945864167
963945864168
963945864169
963945864170
963945864171
963945864172
963945864173
963945864174
963945864175
963945864176
963945864177
963945864178
963945864179
963945864180
963945864181
963945864182
963945864183
963945864184
963945864185
963945864186
963945864187
963945864188
963945864189
963945864190
963945864191
963945864192
963945864193
963945864194
963945864195
963945864196
963945864197
963945864198
963945864199
963945864200
963945864201
963945864202
963945864203
963945864204
963945864205
963945864206
963945864207
963945864208
963945864209
963945864210
963945864211
963945864212
963945864213
963945864214
963945864215
963945864216
963945864217
963945864218
963945864219
963945864220
963945864221
963945864222
963945864223
963945864224
963945864225
963945864226
963945864227
963945864228
963945864229
963945864230
963945864231
963945864232
963945864233
963945864234
963945864235
963945864236
963945864237
963945864238
963945864239
963945864240
963945864241
963945864242
963945864243
963945864244
963945864245
963945864246
963945864247
963945864248
963945864249
963945864250
963945864251
963945864252
963945864253
963945864254
963945864255
963945864256
963945864257
963945864258
963945864259
963945864260
963945864261
963945864262
963945864263
963945864264
963945864265
963945864266
963945864267
963945864268
963945864269
963945864270
963945864271
963945864272
963945864273
963945864274
963945864275
963945864276
963945864277
963945864278
963945864279
963945864280
963945864281
963945864282
963945864283
963945864284
963945864285
963945864286
963945864287
963945864288
963945864289
963945864290
963945864291
963945864292
963945864293
963945864294
963945864295
963945864296
963945864297
963945864298
963945864299
963945864300
963945864301
963945864302
963945864303
963945864304
963945864305
963945864306
963945864307
963945864308
963945864309
963945864310
963945864311
963945864312
963945864313
963945864314
963945864315
963945864316
963945864317
963945864318
963945864319
963945864320
963945864321
963945864322
963945864323
963945864324
963945864325
963945864326
963945864327
963945864328
963945864329
963945864330
963945864331
963945864332
963945864333
963945864334
963945864335
963945864336
963945864337
963945864338
963945864339
963945864340
963945864341
963945864342
963945864343
963945864344
963945864345
963945864346
963945864347
963945864348
963945864349
963945864350
963945864351
963945864352
963945864353
963945864354
963945864355
963945864356
963945864357
963945864358
963945864359
963945864360
963945864361
963945864362
963945864363
963945864364
963945864365
963945864366
963945864367
963945864368
963945864369
963945864370
963945864371
963945864372
963945864373
963945864374
963945864375
963945864376
963945864377
963945864378
963945864379
963945864380
963945864381
963945864382
963945864383
963945864384
963945864385
963945864386
963945864387
963945864388
963945864389
963945864390
963945864391
963945864392
963945864393
963945864394
963945864395
963945864396
963945864397
963945864398
963945864399
963945864400
963945864401
963945864402
963945864403
963945864404
963945864405
963945864406
963945864407
963945864408
963945864409
963945864410
963945864411
963945864412
963945864413
963945864414
963945864415
963945864416
963945864417
963945864418
963945864419
963945864420
963945864421
963945864422
963945864423
963945864424
963945864425
963945864426
963945864427
963945864428
963945864429
963945864430
963945864431
963945864432
963945864433
963945864434
963945864435
963945864436
963945864437
963945864438
963945864439
963945864440
963945864441
963945864442
963945864443
963945864444
963945864445
963945864446
963945864447
963945864448
963945864449
963945864450
963945864451
963945864452
963945864453
963945864454
963945864455
963945864456
963945864457
963945864458
963945864459
963945864460
963945864461
963945864462
963945864463
963945864464
963945864465
963945864466
963945864467
963945864468
963945864469
963945864470
963945864471
963945864472
963945864473
963945864474
963945864475
963945864476
963945864477
963945864478
963945864479
963945864480
963945864481
963945864482
963945864483
963945864484
963945864485
963945864486
963945864487
963945864488
963945864489
963945864490
963945864491
963945864492
963945864493
963945864494
963945864495
963945864496
963945864497
963945864498
963945864499
963945864500
963945864501
963945864502
