998951965001
998951965002
998951965003
998951965004
998951965005
998951965006
998951965007
998951965008
998951965009
998951965010
998951965011
998951965012
998951965013
998951965014
998951965015
998951965016
998951965017
998951965018
998951965019
998951965020
998951965021
998951965022
998951965023
998951965024
998951965025
998951965026
998951965027
998951965028
998951965029
998951965030
998951965031
998951965032
998951965033
998951965034
998951965035
998951965036
998951965037
998951965038
998951965039
998951965040
998951965041
998951965042
998951965043
998951965044
998951965045
998951965046
998951965047
998951965048
998951965049
998951965050
998951965051
998951965052
998951965053
998951965054
998951965055
998951965056
998951965057
998951965058
998951965059
998951965060
998951965061
998951965062
998951965063
998951965064
998951965065
998951965066
998951965067
998951965068
998951965069
998951965070
998951965071
998951965072
998951965073
998951965074
998951965075
998951965076
998951965077
998951965078
998951965079
998951965080
998951965081
998951965082
998951965083
998951965084
998951965085
998951965086
998951965087
998951965088
998951965089
998951965090
998951965091
998951965092
998951965093
998951965094
998951965095
998951965096
998951965097
998951965098
998951965099
998951965100
998951965101
998951965102
998951965103
998951965104
998951965105
998951965106
998951965107
998951965108
998951965109
998951965110
998951965111
998951965112
998951965113
998951965114
998951965115
998951965116
998951965117
998951965118
998951965119
998951965120
998951965121
998951965122
998951965123
998951965124
998951965125
998951965126
998951965127
998951965128
998951965129
998951965130
998951965131
998951965132
998951965133
998951965134
998951965135
998951965136
998951965137
998951965138
998951965139
998951965140
998951965141
998951965142
998951965143
998951965144
998951965145
998951965146
998951965147
998951965148
998951965149
998951965150
998951965151
998951965152
998951965153
998951965154
998951965155
998951965156
998951965157
998951965158
998951965159
998951965160
998951965161
998951965162
998951965163
998951965164
998951965165
998951965166
998951965167
998951965168
998951965169
998951965170
998951965171
998951965172
998951965173
998951965174
998951965175
998951965176
998951965177
998951965178
998951965179
998951965180
998951965181
998951965182
998951965183
998951965184
998951965185
998951965186
998951965187
998951965188
998951965189
998951965190
998951965191
998951965192
998951965193
998951965194
998951965195
998951965196
998951965197
998951965198
998951965199
998951965200
998951965201
998951965202
998951965203
998951965204
998951965205
998951965206
998951965207
998951965208
998951965209
998951965210
998951965211
998951965212
998951965213
998951965214
998951965215
998951965216
998951965217
998951965218
998951965219
998951965220
998951965221
998951965222
998951965223
998951965224
998951965225
998951965226
998951965227
998951965228
998951965229
998951965230
998951965231
998951965232
998951965233
998951965234
998951965235
998951965236
998951965237
998951965238
998951965239
998951965240
998951965241
998951965242
998951965243
998951965244
998951965245
998951965246
998951965247
998951965248
998951965249
998951965250
998951965251
998951965252
998951965253
998951965254
998951965255
998951965256
998951965257
998951965258
998951965259
998951965260
998951965261
998951965262
998951965263
998951965264
998951965265
998951965266
998951965267
998951965268
998951965269
998951965270
998951965271
998951965272
998951965273
998951965274
998951965275
998951965276
998951965277
998951965278
998951965279
998951965280
998951965281
998951965282
998951965283
998951965284
998951965285
998951965286
998951965287
998951965288
998951965289
998951965290
998951965291
998951965292
998951965293
998951965294
998951965295
998951965296
998951965297
998951965298
998951965299
998951965300
998951965301
998951965302
998951965303
998951965304
998951965305
998951965306
998951965307
998951965308
998951965309
998951965310
998951965311
998951965312
998951965313
998951965314
998951965315
998951965316
998951965317
998951965318
998951965319
998951965320
998951965321
998951965322
998951965323
998951965324
998951965325
998951965326
998951965327
998951965328
998951965329
998951965330
998951965331
998951965332
998951965333
998951965334
998951965335
998951965336
998951965337
998951965338
998951965339
998951965340
998951965341
998951965342
998951965343
998951965344
998951965345
998951965346
998951965347
998951965348
998951965349
998951965350
998951965351
998951965352
998951965353
998951965354
998951965355
998951965356
998951965357
998951965358
998951965359
998951965360
998951965361
998951965362
998951965363
998951965364
998951965365
998951965366
998951965367
998951965368
998951965369
998951965370
998951965371
998951965372
998951965373
998951965374
998951965375
998951965376
998951965377
998951965378
998951965379
998951965380
998951965381
998951965382
998951965383
998951965384
998951965385
998951965386
998951965387
998951965388
998951965389
998951965390
998951965391
998951965392
998951965393
998951965394
998951965395
998951965396
998951965397
998951965398
998951965399
998951965400
998951965401
998951965402
998951965403
998951965404
998951965405
998951965406
998951965407
998951965408
998951965409
998951965410
998951965411
998951965412
998951965413
998951965414
998951965415
998951965416
998951965417
998951965418
998951965419
998951965420
998951965421
998951965422
998951965423
998951965424
998951965425
998951965426
998951965427
998951965428
998951965429
998951965430
998951965431
998951965432
998951965433
998951965434
998951965435
998951965436
998951965437
998951965438
998951965439
998951965440
998951965441
998951965442
998951965443
998951965444
998951965445
998951965446
998951965447
998951965448
998951965449
998951965450
998951965451
998951965452
998951965453
998951965454
998951965455
998951965456
998951965457
998951965458
998951965459
998951965460
998951965461
998951965462
998951965463
998951965464
998951965465
998951965466
998951965467
998951965468
998951965469
998951965470
998951965471
998951965472
998951965473
998951965474
998951965475
998951965476
998951965477
998951965478
998951965479
998951965480
998951965481
998951965482
998951965483
998951965484
998951965485
998951965486
998951965487
998951965488
998951965489
998951965490
998951965491
998951965492
998951965493
998951965494
998951965495
998951965496
998951965497
998951965498
998951965499
998951965500
998951965501
998951965502
998951965503
998951965504
998951965505
998951965506
998951965507
998951965508
998951965509
998951965510
998951965511
998951965512
998951965513
998951965514
998951965515
998951965516
998951965517
998951965518
998951965519
998951965520
998951965521
998951965522
998951965523
998951965524
998951965525
998951965526
998951965527
998951965528
998951965529
998951965530
998951965531
998951965532
998951965533
998951965534
998951965535
998951965536
998951965537
998951965538
998951965539
998951965540
998951965541
998951965542
998951965543
998951965544
998951965545
998951965546
998951965547
998951965548
998951965549
998951965550
998951965551
998951965552
998951965553
998951965554
998951965555
998951965556
998951965557
998951965558
998951965559
998951965560
998951965561
998951965562
998951965563
998951965564
998951965565
998951965566
998951965567
998951965568
998951965569
998951965570
998951965571
998951965572
998951965573
998951965574
998951965575
998951965576
998951965577
998951965578
998951965579
998951965580
998951965581
998951965582
998951965583
998951965584
998951965585
998951965586
998951965587
998951965588
998951965589
998951965590
998951965591
998951965592
998951965593
998951965594
998951965595
998951965596
998951965597
998951965598
998951965599
998951965600
998951965601
998951965602
998951965603
998951965604
998951965605
998951965606
998951965607
998951965608
998951965609
998951965610
998951965611
998951965612
998951965613
998951965614
998951965615
998951965616
998951965617
998951965618
998951965619
998951965620
998951965621
998951965622
998951965623
998951965624
998951965625
998951965626
998951965627
998951965628
998951965629
998951965630
998951965631
998951965632
998951965633
998951965634
998951965635
998951965636
998951965637
998951965638
998951965639
998951965640
998951965641
998951965642
998951965643
998951965644
998951965645
998951965646
998951965647
998951965648
998951965649
998951965650
998951965651
998951965652
998951965653
998951965654
998951965655
998951965656
998951965657
998951965658
998951965659
998951965660
998951965661
998951965662
998951965663
998951965664
998951965665
998951965666
998951965667
998951965668
998951965669
998951965670
998951965671
998951965672
998951965673
998951965674
998951965675
998951965676
998951965677
998951965678
998951965679
998951965680
998951965681
998951965682
998951965683
998951965684
998951965685
998951965686
998951965687
998951965688
998951965689
998951965690
998951965691
998951965692
998951965693
998951965694
998951965695
998951965696
998951965697
998951965698
998951965699
998951965700
998951965701
998951965702
998951965703
998951965704
998951965705
998951965706
998951965707
998951965708
998951965709
998951965710
998951965711
998951965712
998951965713
998951965714
998951965715
998951965716
998951965717
998951965718
998951965719
998951965720
998951965721
998951965722
998951965723
998951965724
998951965725
998951965726
998951965727
998951965728
998951965729
998951965730
998951965731
998951965732
998951965733
998951965734
998951965735
998951965736
998951965737
998951965738
998951965739
998951965740
998951965741
998951965742
998951965743
998951965744
998951965745
998951965746
998951965747
998951965748
998951965749
998951965750
998951965751
998951965752
998951965753
998951965754
998951965755
998951965756
998951965757
998951965758
998951965759
998951965760
998951965761
998951965762
998951965763
998951965764
998951965765
998951965766
998951965767
998951965768
998951965769
998951965770
998951965771
998951965772
998951965773
998951965774
998951965775
998951965776
998951965777
998951965778
998951965779
998951965780
998951965781
998951965782
998951965783
998951965784
998951965785
998951965786
998951965787
998951965788
998951965789
998951965790
998951965791
998951965792
998951965793
998951965794
998951965795
998951965796
998951965797
998951965798
998951965799
998951965800
998951965801
998951965802
998951965803
998951965804
998951965805
998951965806
998951965807
998951965808
998951965809
998951965810
998951965811
998951965812
998951965813
998951965814
998951965815
998951965816
998951965817
998951965818
998951965819
998951965820
998951965821
998951965822
998951965823
998951965824
998951965825
998951965826
998951965827
998951965828
998951965829
998951965830
998951965831
998951965832
998951965833
998951965834
998951965835
998951965836
998951965837
998951965838
998951965839
998951965840
998951965841
998951965842
998951965843
998951965844
998951965845
998951965846
998951965847
998951965848
998951965849
998951965850
998951965851
998951965852
998951965853
998951965854
998951965855
998951965856
998951965857
998951965858
998951965859
998951965860
998951965861
998951965862
998951965863
998951965864
998951965865
998951965866
998951965867
998951965868
998951965869
998951965870
998951965871
998951965872
998951965873
998951965874
998951965875
998951965876
998951965877
998951965878
998951965879
998951965880
998951965881
998951965882
998951965883
998951965884
998951965885
998951965886
998951965887
998951965888
998951965889
998951965890
998951965891
998951965892
998951965893
998951965894
998951965895
998951965896
998951965897
998951965898
998951965899
998951965900
998951965901
998951965902
998951965903
998951965904
998951965905
998951965906
998951965907
998951965908
998951965909
998951965910
998951965911
998951965912
998951965913
998951965914
998951965915
998951965916
998951965917
998951965918
998951965919
998951965920
998951965921
998951965922
998951965923
998951965924
998951965925
998951965926
998951965927
998951965928
998951965929
998951965930
998951965931
998951965932
998951965933
998951965934
998951965935
998951965936
998951965937
998951965938
998951965939
998951965940
998951965941
998951965942
998951965943
998951965944
998951965945
998951965946
998951965947
998951965948
998951965949
998951965950
998951965951
998951965952
998951965953
998951965954
998951965955
998951965956
998951965957
998951965958
998951965959
998951965960
998951965961
998951965962
998951965963
998951965964
998951965965
998951965966
998951965967
998951965968
998951965969
998951965970
998951965971
998951965972
998951965973
998951965974
998951965975
998951965976
998951965977
998951965978
998951965979
998951965980
998951965981
998951965982
998951965983
998951965984
998951965985
998951965986
998951965987
998951965988
998951965989
998951965990
998951965991
998951965992
998951965993
998951965994
998951965995
998951965996
998951965997
998951965998
998951965999
998951966000
